10000101
00010010
11001110
10001010
00010010
11001110
10001010
00010010
11001110
10001010
00010010
11001110
10001010
00010010
11001110
10001010
00010010
11001110
10001010
00010010
11001110
10001010
00010010
11001110
10001010
00010010
11001110
10001010
00010010
11001110
10001010
01001011
01110000
01100011
00010110
01110000
01100011
00010110
01110000
01100011
00010110
01110000
01100011
00010110
01110000
01100011
00010110
01110000
01100011
00010110
01110000
01100011
00010110
01110000
01100011
00010110
01110000
01100011
00010110
01110000
01100011
00010110
01000111
01110111
10110100
01000111
01110111
10110100
01000111
01110111
10110100
01000111
01110111
10110100
01000111
01110111
10110100
01000111
01110111
10110100
01000111
01110111
10110100
01000111
01110111
10110100
01000111
01110111
10110100
01000111
01110111
10110100
10000000
10000011
11110101
00000000
10000011
11110101
00000000
10000011
11110101
00000000
10000011
11110101
00000000
10000011
11110101
00000000
10000011
11110101
00000000
10000011
11110101
00000000
10000011
11110101
00000000
10000011
11110101
00000000
10000011
11110101
00000000
10111010
11111000
01101010
10111010
11111000
01101010
10111010
11111000
01101010
10111010
11111000
01101010
10111010
11111000
01101010
10111010
11111000
01101010
10111010
11111000
01101010
10111010
11111000
01101010
10111010
11111000
01101010
10111010
11111000
01101010
10001000
00110000
11111010
11000111
00110000
11111010
11000111
00110000
11111010
11000111
00110000
11111010
11000111
00110000
11111010
11000111
00110000
11111010
11000111
00110000
11111010
11000111
00110000
11111010
11000111
00110000
11111010
11000111
00110000
11111010
11000111
11100111
11011001
10000100
11100111
11011001
10000100
11100111
11011001
10000100
11100111
11011001
10000100
11100111
11011001
10000100
11100111
11011001
10000100
11100111
11011001
10000100
11100111
11011001
10000100
11100111
11011001
10000100
11100111
11011001
10000100
00110001
11001111
01010110
00110001
11001111
01010110
00110001
11001111
01010110
00110001
11001111
01010110
00110001
11001111
01010110
00110001
11001111
01010110
00110001
11001111
01010110
00110001
11001111
01010110
00110001
11001111
01010110
00110001
11001111
01010110
00110010
01101100
10101001
00110010
01101100
10101001
00110010
01101100
10101001
00110010
01101100
10101001
00110010
01101100
10101001
00110010
01101100
10101001
00110010
01101100
10101001
00110010
01101100
10101001
00110010
01101100
10101001
00110010
01101100
10101001
11100100
00101110
01100100
01000000
00101110
01100100
01000000
00101110
01100100
01000000
00101110
01100100
01000000
00101110
01100100
01000000
00101110
01100100
01000000
00101110
01100100
01000000
00101110
01100100
01000000
00101110
01100100
01000000
00101110
01100100
01000000
01011010
01000001
10101000
01011010
01000001
10101000
01011010
01000001
10101000
01011010
01000001
10101000
01011010
01000001
10101000
01011010
01000001
10101000
01011010
01000001
10101000
01011010
01000001
10101000
01011010
01000001
10101000
01011010
01000001
10101000
00111001
10111010
11000111
11101010
10111011
11000111
11101010
10111011
11000111
11101010
10111011
11000111
11101010
10111011
11000111
11101010
10111011
11000111
11101010
10111011
11000111
11101010
10111011
11000111
11101010
10111011
11000111
11101010
10111011
11000111
11101010
10111011
10100000
01100111
00010011
11110011
01101001
00111010
11110011
01101001
00111010
11110011
01101001
00111010
11110011
01101001
00111010
11110011
01101001
00111010
11110011
01101001
00111010
11110011
01101001
00111010
11110011
01101001
00111010
11110011
01101001
00111010
11110011
01101001
00111010
11010110
11100011
10011111
11010110
11100011
10011111
11010110
11100011
10011111
11010110
11100011
10011111
11010110
11100011
10011111
11010110
11100011
10011111
11010110
11100011
10011111
11010110
11100011
10011111
11010110
11100011
10011111
11010110
11100011
10011111
01000000
00011110
01111111
01111000
11000010
01111111
01111000
11000010
01111111
01111000
11000010
01111111
01111000
11000010
01111111
01111000
11000010
01111111
01111000
11000010
01111111
01111000
11000010
01111111
01111000
11000010
01111111
01111000
11000010
01111111
01111000
11000010
10001100
00111010
01000110
10111101
00111010
01000110
10111101
00111010
01000110
10111101
00111010
01000110
10111101
00111010
01000110
10111101
00111010
01000110
10111101
00111010
01000110
10111101
00111010
01000110
10111101
00111010
01000110
10111101
00111010
01000110
10111101
00110001
10010000
00011011
11111000
11110101
00011011
11111000
11110101
00011011
11111000
11110101
00011011
11111000
11110101
00011011
11111000
11110101
00011011
11111000
11110101
00011011
11111000
11110101
00011011
11111000
11110101
00011011
11111000
11110101
00011011
11111000
11110101
10010001
10011000
00001101
01101110
10101111
00001101
01101110
10101111
00001101
01101110
10101111
00001101
01101110
10101111
00001101
01101110
10101111
00001101
01101110
10101111
00001101
01101110
10101111
00001101
01101110
10101111
00001101
01101110
10101111
00001101
01101110
10101111
00101000
11101111
01111011
00101000
11101111
01111011
00101000
11101111
01111011
00101000
11101111
01111011
00101000
11101111
01111011
00101000
11101111
01111011
00101000
11101111
01111011
00101000
11101111
01111011
00101000
11101111
01111011
00101000
11101111
01111011
01110000
10111111
00100010
00101110
01011101
10010010
00101110
01011101
10010010
00101110
01011101
10010010
00101110
01011101
10010010
00101110
01011101
10010010
00101110
01011101
10010010
00101110
01011101
10010010
00101110
01011101
10010010
00101110
01011101
10010010
00101110
01011101
10010010
01011111
11000011
01100011
01011111
11000011
01100011
01011111
11000011
01100011
01011111
11000011
01100011
01011111
11000011
01100011
01011111
11000011
01100011
01011111
11000011
01100011
01011111
11000011
01100011
01011111
11000011
01100011
01011111
11000011
01100011
10010100
01111110
11100111
10010100
01111110
11100111
10010100
01111110
11100111
10010100
01111110
11100111
10010100
01111110
11100111
10010100
01111110
11100111
10010100
01111110
11100111
10010100
01111110
11100111
10010100
01111110
11100111
10010100
01111110
11100111
10101101
01111000
01110001
10101101
01111000
01110001
10101101
01111000
01110001
10101101
01111000
01110001
10101101
01111000
01110001
10101101
01111000
01110001
10101101
01111000
01110001
10101101
01111000
01110001
10101101
01111000
01110001
10101101
01111000
01110001
01000100
01111110
10110011
01000100
01111110
10110011
01000100
01111110
10110011
01000100
01111110
10110011
01000100
01111110
10110011
01000100
01111110
10110011
01000100
01111110
10110011
01000100
01111110
10110011
01000100
01111110
10110011
01000100
01111110
10110011
00101011
11011011
11100010
00101011
11011011
11100010
00101011
11011011
11100010
00101011
11011011
11100010
00101011
11011011
11100010
00101011
11011011
11100010
00101011
11011011
11100010
00101011
11011011
11100010
00101011
11011011
11100010
00101011
11011011
11100010
00100001
10100001
11100000
10000101
10100001
11100000
10000101
10100001
11100000
10000101
10100001
11100000
10000101
10100001
11100000
10000101
10100001
11100000
10000101
10100001
11100000
10000101
10100001
11100000
10000101
10100001
11100000
10000101
10100001
11100000
10000101
00101100
10110011
00100000
00101100
10110011
00100000
00101100
10110011
00100000
00101100
10110011
00100000
00101100
10110011
00100000
00101100
10110011
00100000
00101100
10110011
00100000
00101100
10110011
00100000
00101100
10110011
00100000
00101100
10110011
00100000
10011110
10000001
00000010
01101111
10000001
00000010
01101111
10000001
00000010
01101111
10000001
00000010
01101111
10000001
00000010
01101111
10000001
00000010
01101111
10000001
00000010
01101111
10000001
00000010
01101111
10000001
00000010
01101111
10000001
00000010
01101111
10000000
01010110
10011110
10000000
01010110
10011110
10000000
01010110
10011110
10000000
01010110
10011110
10000000
01010110
10011110
10000000
01010110
10011110
10000000
01010110
10011110
10000000
01010110
10011110
10000000
01010110
10011110
10000000
01010110
10011110
11001111
00001111
01110010
11001111
00001111
01110010
11001111
00001111
01110010
11001111
00001111
01110010
11001111
00001111
01110010
11001111
00001111
01110010
11001111
00001111
01110010
11001111
00001111
01110010
11001111
00001111
01110010
11001111
00001111
01110010
10001101
00100101
00000110
10001101
00100101
00000110
10001101
00100101
00000110
10001101
00100101
00000110
10001101
00100101
00000110
10001101
00100101
00000110
10001101
00100101
00000110
10001101
00100101
00000110
10001101
00100101
00000110
10001101
00100101
00000110
00000000
11101000
01011111
00000000
11101000
01011111
00000000
11101000
01011111
00000000
11101000
01011111
00000000
11101000
01011111
00000000
11101000
01011111
00000000
11101000
01011111
00000000
11101000
01011111
00000000
11101000
01011111
00000000
11101000
01011111
00111011
00000010
11000100
00101110
01110100
11000100
00101110
01110100
11000100
00101110
01110100
11000100
00101110
01110100
11000100
00101110
01110100
11000100
00101110
01110100
11000100
00101110
01110100
11000100
00101110
01110100
11000100
00101110
01110100
11000100
00101110
01110100
11101100
01100100
01101101
00010101
01100100
01101101
00010101
01100100
01101101
00010101
