11001000
01011001
10010111
11000101
00001000
01001111
00011000
10101011
10011011
10001010
01110101
10110001
01000001
00110010
10000110
00000000
11111000
01100111
00011010
10111000
01110111
00000011
00000000
10101100
00010001
10010100
00000110
10100010
00101000
11100110
00010111
11110001
00111111
10101110
10110110
01000111
11111110
11001110
11110011
10011001
01011000
01101000
01001011
10011010
10011010
11010001
10011010
10010010
00111001
10110100
01001010
10110000
10111000
01001010
01011100
11001001
11011111
01100010
01101011
00000111
01001000
10000010
11111000
10001000
00110000
10101110
11001111
00101110
01111100
11000010
11001000
11010101
00101010
00010011
01101111
11000101
11100100
00001001
01010111
00011101
10111101
10100010
11001101
01110101
11101100
00101001
00111110
11001011
10001100
10101001
11010011
11010100
00101011
11001011
01011100
01011100
01111010
00101100
10001010
11110110
11101110
01010010
11001011
00011001
01100101
00111010
11011110
01001010
01000011
00110101
01100111
00000001
11010111
00110101
01110110
11000100
01011110
10110101
10001111
11101010
01011110
01100010
10111111
10001010
00101110
00011011
11100110
10101000
01000111
01110000
10011110
00110110
11000011
01101010
01001111
00101000
10100100
00101101
01110010
11101000
01100010
11011010
11101001
00111010
00001111
01011111
11111110
01101101
00010100
10001101
01011000
01110011
11110000
00010111
11111101
00011110
00110010
11100011
11000110
01111010
01010011
01100100
10110000
00010110
11001110
11111111
00111111
01110011
00101100
10110001
01011011
10001110
10001011
01000100
11001000
10011010
10100011
11000110
00001000
10111000
01010100
01100000
00101011
01000100
01110111
00101000
01100010
10101001
00001011
00101000
00100011
01011110
10001100
11010011
01110101
01011011
11010010
10110100
11001110
11111110
01100101
00101001
10001101
11110001
01101101
01010101
10001011
00010000
00011100
10010011
11001000
01110000
11110011
11110011
10110100
01101010
00011011
00010110
00010100
00100110
00111110
00110111
10000101
11001010
00001011
11111010
00100101
11011101
10101110
11110011
11011100
00010011
00011100
01101001
00000100
10001001
10111110
10010000
10011010
11011010
00100011
01100010
01001010
00010111
01010110
11111110
10000001
01110001
00010100
10010101
10011000
01010010
11001101
00011101
00011101
11011000
00010111
01000010
10110101
11000101
00110110
10010001
11011000
01010010
11111010
11011101
11011100
10111001
01101101
01110110
10010011
10010000
11011000
11011110
10100111
00101110
11011100
00101001
10100000
11110001
10111110
00111000
01000011
10001011
01010101
01100000
01100011
01101100
10100011
00011001
00110001
11011001
10101010
00001001
00101011
10100101
11100110
00000111
01011110
01010011
01111101
11110001
11100100
01010110
11001111
10001011
10000100
10101100
10110100
00100100
10011101
01110011
01011100
11100000
11111110
10110001
01000001
01100010
00011101
11100100
01111011
01001110
10111101
00100101
01011000
11101000
11001010
00111110
11110000
00101000
10010010
01101101
00011010
01110110
11000011
11101001
00000001
01001000
10010101
10110110
01101100
00110010
00101001
11001001
00010011
00100111
01111010
01010100
10001001
10011000
00111000
00000100
11100110
11110101
00101010
00111110
11011101
11110100
01111101
11001101
00011101
00001111
00111011
00110111
10000101
11111110
00100000
10000110
01000110
10110110
00111100
10110011
11101000
01100101
01111100
11111011
10001101
11110110
01001111
00010110
10001110
10000111
00011011
01110101
01111100
01000101
10110011
01011010
00111001
00110000
00100111
01010110
00111111
01100010
10001101
11000100
01100001
10101110
01001011
10100111
01100100
10000111
01011010
01001100
11101101
11010110
01001000
01111010
11001101
10010111
10010000
01011011
00011111
10101011
11010000
10011011
11110000
10000100
11110101
00101010
10110100
00011101
10000000
11110100
01111111
00001110
10111000
11100000
10111100
00000011
10001000
00100000
10001011
11100010
01101100
01111000
10111001
10110100
11110010
10000110
01001100
10000010
11100001
01101011
00101110
10110010
00000110
00011110
00110110
11111100
01001000
11101010
00011001
11001001
11011110
10011000
11010111
10010111
01111001
10010011
10011010
00000001
10110011
00100101
11100011
00011111
10011101
10011100
11010100
10001111
00100010
00100000
00010010
00000100
10001011
01000000
10110110
10010001
01011110
11101100
10001101
10100111
11010110
10100110
01110000
10110101
00111111
01000111
01001100
10111000
11011010
11100110
10111001
10001101
00001100
10011100
10101100
10101001
00111001
10000000
00111001
01011011
10100000
01001011
01011111
00101011
10001011
00010101
10111101
11101001
00000001
01001010
10010000
11011000
11110001
00000000
10001101
00110000
01000111
11011001
11101000
00100001
10111111
10100001
10101110
11001011
00111101
01011011
01110101
01110110
11011011
10101110
11010010
01111100
11111001
00110001
10100111
10000100
01000111
01100100
01101101
01001000
10101111
11111110
00100000
10100000
11111110
10101101
11010000
01000110
10000110
10111000
01100111
01000110
01011001
00010110
00010001
10010110
01110001
10000110
00001101
01001100
00110100
11011111
11001000
00101101
00010000
01110000
10110001
01010111
11010100
00011111
10100000
10000011
00011101
11000000
00100011
00011011
01101110
11110011
01100001
11110100
10101011
11001001
00111010
00000100
11011111
01001100
10011011
01010000
11010010
10101000
10011100
00000111
10000111
01100101
00110100
10010111
11010101
11100110
11101111
10101001
00000101
10001111
00101101
00100010
01001111
01010000
00111101
10111101
01000100
10011111
10110010
11101111
01101000
11101100
11110100
01000111
00111000
10001111
10010111
00001011
00110111
00110011
00010010
10111110
10011000
01000110
01010101
01101101
00101100
01000100
00010111
00110001
11010011
01000100
01010011
00100011
10010100
10010001
11100000
11011000
00110000
10010010
11001000
10011000
01111111
10111100
11011111
10110111
01001011
01110110
11000010
10000010
10101001
11010100
01000000
01000010
00011011
10010101
10101111
01000111
11011010
11000110
01111001
10101101
00001010
11001100
11010000
10011111
01011101
10110001
01110111
10001101
01000011
00111111
00100101
11000010
11111011
00000100
01111010
01000110
01111010
00111100
11001000
00100100
00010001
00001000
01100110
00101100
10011110
00010101
01110011
01111000
11011100
11101100
00100101
11100110
10111001
11110110
10000101
00010110
10100111
11111101
10100100
11101010
00111100
11001001
10101101
00111000
11001110
00100111
01111110
01001000
01100011
01000111
01101100
01110100
01001111
11010010
10100000
11101101
11101000
00010100
01100101
11000100
00000000
10001011
10101010
10111001
10000001
00110000
11010000
00101000
00101101
01110100
00010010
01101001
00111101
10111111
10100001
00001011
11100110
00100000
01010100
01001010
01100111
11000000
10111110
10110110
10010011
01011111
10100100
01111011
01110011
00001001
00111111
01110011
10010100
11101001
00101101
00010101
00011001
11111101
00111101
01000110
01110001
01010000
10110000
10101110
00001111
01010001
10111010
11110110
01110001
00001110
01000000
11011000
11001110
11111110
10001111
01100001
01011101
00110011
11011100
11010000
00111100
00011011
01000100
11010001
00000101
01110001
11100110
00011110
01101110
00100100
01100101
11011111
01110100
00010101
10001101
10000011
01100110
01000111
01111001
11011000
01010101
10111001
10110000
00100100
10111000
00111111
10000101
00010101
01110010
01100010
11100110
10101111
01111101
00101010
10000000
10000010
10011011
01100110
10100001
00001001
10001010
00000110
11101000
11111110
00011011
01110101
10000010
10000001
10111101
11111011
01011001
00010010
10110101
00001010
00110110
01101101
01001001
10111100
10000010
10111100
00011110
01101000
01101011
10011011
10010010
11101011
00011110
00101101
01010001
10111111
00110110
11011100
11000101
00011110
11011010
11100000
10010100
01011100
01100001
01010001
01011000
10111011
01100011
00001101
11000101
10011010
01111010
00001110
01010110
11111100
11001010
01110100
01100101
00110101
00001111
11110111
00100000
00101101
00100101
01110010
11101100
01011011
01001110
10110001
01111010
00101000
10010001
00001110
10000101
11110011
01011111
11011101
10101110
11000010
11101010
01110011
01011100
01100100
10000001
10110010
01100000
01001100
00100110
11000101
10000001
00110110
10111101
10100010
01100011
11100010
00010100
01010000
00111101
01100010
00000001
10110111
10001010
10010011
11000101
00001111
10000110
00100100
11101100
00110100
11100111
11010110
10100111
01000011
00111010
00101000
11110110
10011011
01110100
00011100
01100000
11110110
01010010
00011101
10011000
10110110
11111111
10101100
00000110
00111101
00001110
00000111
11110100
10011000
10011010
10111010
10101000
00100000
11011110
10010100
01010100
11000101
01101011
11111011
00001001
10100101
00100100
11111111
01000000
10011000
00011011
10100001
10001110
01101110
10111110
00100110
00100100
10111110
11010010
00101010
11111011
11100000
00110001
11101111
01111001
11001100
10101001
00100001
11101100
10001000
10110101
01000001
01001101
00100000
00111100
01010110
11000110
01100000
01010101
00000110
11111001
01110001
10100111
10000111
11011111
01100110
10101110
00000011
00100100
10000000
00101101
00011111
01100001
01011110
00001110
11011010
00101010
10111000
11111011
00010111
01000000
10110000
01011000
10001101
